subject, practice/real, trial#, target/nontarget, target type, setsize, error, responsetime 
1250373, 1, 1, 1, 1, 8, 0, 1006 
1250373, 1, 2, 2, 1, 16, 0, 1553 
1250373, 1, 3, 2, 2, 16, 0, 1103 
1250373, 1, 4, 1, 2, 16, 0, 960 
1250373, 1, 5, 2, 2, 8, 0, 984 
1250373, 1, 6, 1, 1, 4, 0, 909 
1250373, 1, 7, 1, 1, 4, 1, 968 
1250373, 1, 8, 2, 1, 16, 0, 2063 
1250373, 1, 9, 2, 1, 16, 0, 2243 
1250373, 1, 10, 1, 2, 8, 0, 1455 
1250373, 1, 11, 1, 2, 8, 0, 1429 
1250373, 1, 12, 2, 1, 8, 0, 1889 
1250373, 2, 1, 2, 1, 8, 0, 1282 
1250373, 2, 2, 1, 2, 16, 0, 1143 
1250373, 2, 3, 2, 1, 16, 0, 1420 
1250373, 2, 4, 1, 1, 8, 0, 1856 
1250373, 2, 5, 2, 2, 16, 0, 1258 
1250373, 2, 6, 2, 2, 8, 0, 1221 
1250373, 2, 7, 1, 1, 8, 0, 1504 
1250373, 2, 8, 2, 1, 4, 0, 1955 
1250373, 2, 9, 1, 2, 8, 0, 1139 
1250373, 2, 10, 1, 1, 16, 0, 1734 
1250373, 2, 11, 1, 1, 16, 1, 1360 
1250373, 2, 12, 1, 1, 16, 0, 1748 
1250373, 2, 13, 1, 1, 4, 0, 2312 
1250373, 2, 14, 2, 2, 16, 0, 1261 
1250373, 2, 15, 1, 2, 4, 0, 1259 
1250373, 2, 16, 1, 1, 8, 0, 1369 
1250373, 2, 17, 2, 1, 4, 0, 1656 
1250373, 2, 18, 2, 1, 16, 0, 2554 
1250373, 2, 19, 2, 1, 8, 0, 2701 
1250373, 2, 20, 2, 1, 8, 0, 2590 
1250373, 2, 21, 2, 1, 8, 0, 2339 
1250373, 2, 22, 2, 1, 4, 0, 1037 
1250373, 2, 23, 1, 1, 4, 0, 1183 
1250373, 2, 24, 1, 1, 8, 0, 789 
1250373, 2, 25, 1, 2, 4, 0, 1086 
1250373, 2, 26, 2, 1, 8, 0, 1010 
1250373, 2, 27, 2, 2, 8, 0, 867 
1250373, 2, 28, 2, 2, 8, 0, 905 
1250373, 2, 29, 2, 2, 4, 0, 747 
1250373, 2, 30, 1, 1, 8, 0, 800 
1250373, 2, 31, 1, 2, 16, 0, 1177 
1250373, 2, 32, 1, 1, 8, 0, 1183 
1250373, 2, 33, 1, 2, 4, 0, 825 
1250373, 2, 34, 2, 2, 8, 0, 777 
1250373, 2, 35, 1, 2, 16, 0, 790 
1250373, 2, 36, 2, 2, 8, 0, 840 
1250373, 2, 37, 2, 1, 8, 0, 1670 
1250373, 2, 38, 1, 2, 16, 0, 817 
1250373, 2, 39, 1, 2, 16, 0, 761 
1250373, 2, 40, 2, 2, 4, 0, 904 
1250373, 2, 41, 2, 2, 8, 0, 819 
1250373, 2, 42, 1, 1, 8, 0, 957 
1250373, 2, 43, 2, 1, 16, 0, 2989 
1250373, 2, 44, 2, 2, 4, 0, 1614 
1250373, 2, 45, 2, 1, 16, 0, 2972 
1250373, 2, 46, 2, 2, 8, 0, 735 
1250373, 2, 47, 2, 2, 4, 0, 657 
1250373, 2, 48, 1, 2, 16, 0, 669 
1250373, 2, 49, 1, 2, 8, 0, 1138 
1250373, 2, 50, 2, 1, 4, 0, 1390 
1250373, 2, 51, 2, 1, 16, 0, 2393 
1250373, 2, 52, 2, 2, 16, 0, 1390 
1250373, 2, 53, 1, 1, 8, 0, 2182 
1250373, 2, 54, 2, 2, 16, 0, 843 
1250373, 2, 55, 2, 2, 4, 0, 619 
1250373, 2, 56, 1, 2, 16, 0, 757 
1250373, 2, 57, 1, 1, 16, 0, 927 
1250373, 2, 58, 2, 1, 16, 0, 939 
1250373, 2, 59, 2, 1, 8, 0, 1276 
1250373, 2, 60, 1, 2, 16, 0, 821 
1250373, 2, 61, 2, 2, 8, 0, 953 
1250373, 2, 62, 1, 1, 4, 0, 891 
1250373, 2, 63, 1, 1, 4, 1, 813 
1250373, 2, 64, 1, 2, 8, 0, 920 
1250373, 2, 65, 1, 1, 16, 0, 2012 
1250373, 2, 66, 1, 2, 8, 1, 714 
1250373, 2, 67, 1, 2, 4, 0, 998 
1250373, 2, 68, 1, 1, 4, 0, 1767 
1250373, 2, 69, 1, 1, 16, 0, 1886 
1250373, 2, 70, 2, 2, 16, 0, 1563 
1250373, 2, 71, 1, 2, 16, 0, 939 
1250373, 2, 72, 2, 2, 8, 0, 782 
1250373, 2, 73, 1, 2, 8, 0, 632 
1250373, 2, 74, 1, 2, 4, 0, 1329 
1250373, 2, 75, 1, 1, 4, 0, 922 
1250373, 2, 76, 2, 1, 16, 0, 2455 
1250373, 2, 77, 1, 2, 8, 0, 854 
1250373, 2, 78, 2, 1, 4, 0, 836 
1250373, 2, 79, 1, 1, 8, 0, 1370 
1250373, 2, 80, 2, 1, 16, 0, 1899 
1250373, 2, 81, 2, 1, 16, 0, 2381 
1250373, 2, 82, 1, 2, 4, 0, 669 
1250373, 2, 83, 2, 2, 8, 0, 799 
1250373, 2, 84, 2, 2, 16, 0, 1829 
1250373, 2, 85, 2, 1, 8, 0, 1211 
1250373, 2, 86, 1, 1, 4, 0, 2218 
1250373, 2, 87, 1, 1, 8, 1, 1260 
1250373, 2, 88, 2, 2, 8, 0, 1189 
1250373, 2, 89, 2, 1, 4, 0, 2440 
1250373, 2, 90, 1, 1, 8, 0, 876 
1250373, 2, 91, 1, 1, 16, 0, 971 
1250373, 2, 92, 2, 1, 16, 0, 2187 
1250373, 2, 93, 1, 2, 8, 0, 781 
1250373, 2, 94, 1, 1, 8, 0, 1159 
1250373, 2, 95, 2, 1, 16, 0, 1718 
1250373, 2, 96, 2, 2, 4, 0, 997 
1250373, 2, 97, 2, 2, 4, 0, 896 
1250373, 2, 98, 2, 1, 8, 0, 1154 
1250373, 2, 99, 2, 1, 8, 0, 1145 
1250373, 2, 100, 2, 1, 8, 0, 1276 
1250373, 2, 101, 2, 2, 8, 0, 878 
1250373, 2, 102, 1, 1, 16, 1, 1008 
1250373, 2, 103, 2, 2, 4, 0, 966 
1250373, 2, 104, 2, 2, 4, 0, 859 
1250373, 2, 105, 2, 2, 8, 0, 1833 
1250373, 2, 106, 1, 1, 8, 0, 1410 
1250373, 2, 107, 1, 1, 8, 0, 2564 
1250373, 2, 108, 2, 2, 8, 0, 894 
1250373, 2, 109, 1, 1, 8, 0, 1804 
1250373, 2, 110, 1, 1, 4, 0, 1241 
1250373, 2, 111, 2, 1, 8, 0, 2217 
1250373, 2, 112, 1, 2, 8, 0, 1676 
1250373, 2, 113, 2, 1, 16, 0, 2790 
1250373, 2, 114, 1, 1, 4, 0, 1564 
1250373, 2, 115, 2, 1, 4, 0, 872 
1250373, 2, 116, 2, 2, 16, 0, 1069 
1250373, 2, 117, 2, 2, 4, 0, 693 
1250373, 2, 118, 2, 2, 4, 0, 699 
1250373, 2, 119, 2, 2, 16, 0, 765 
1250373, 2, 120, 1, 2, 4, 0, 857 
1250373, 2, 121, 2, 1, 16, 0, 2787 
1250373, 2, 122, 2, 1, 4, 0, 1070 
1250373, 2, 123, 2, 2, 4, 0, 1639 
1250373, 2, 124, 2, 2, 4, 0, 711 
1250373, 2, 125, 1, 1, 8, 0, 1999 
1250373, 2, 126, 1, 2, 4, 0, 1243 
1250373, 2, 127, 1, 2, 4, 0, 1534 
1250373, 2, 128, 1, 1, 4, 0, 1213 
1250373, 2, 129, 2, 2, 16, 0, 917 
1250373, 2, 130, 1, 1, 16, 0, 1412 
1250373, 2, 131, 1, 2, 16, 0, 950 
1250373, 2, 132, 1, 1, 4, 0, 905 
1250373, 2, 133, 1, 2, 4, 0, 672 
1250373, 2, 134, 2, 2, 4, 0, 806 
1250373, 2, 135, 2, 2, 16, 0, 920 
1250373, 2, 136, 1, 1, 16, 0, 2472 
1250373, 2, 137, 2, 1, 4, 0, 1631 
1250373, 2, 138, 1, 1, 16, 0, 1876 
1250373, 2, 139, 1, 2, 4, 0, 1129 
1250373, 2, 140, 1, 2, 4, 0, 771 
1250373, 2, 141, 2, 1, 8, 0, 1348 
1250373, 2, 142, 1, 1, 4, 0, 805 
1250373, 2, 143, 2, 1, 16, 0, 2490 
1250373, 2, 144, 1, 2, 4, 0, 2513 
1250373, 2, 145, 1, 2, 16, 0, 1365 
1250373, 2, 146, 2, 1, 16, 0, 1365 
1250373, 2, 147, 2, 2, 8, 0, 4307 
1250373, 2, 148, 1, 1, 16, 0, 1163 
1250373, 2, 149, 1, 2, 4, 0, 864 
1250373, 2, 150, 2, 1, 8, 0, 1172 
1250373, 2, 151, 2, 1, 4, 0, 960 
1250373, 2, 152, 2, 2, 4, 0, 830 
1250373, 2, 153, 2, 2, 16, 0, 3706 
1250373, 2, 154, 1, 1, 16, 0, 2388 
1250373, 2, 155, 2, 2, 16, 0, 1039 
1250373, 2, 156, 1, 2, 16, 0, 1973 
1250373, 2, 157, 1, 2, 8, 0, 852 
1250373, 2, 158, 1, 2, 8, 0, 1146 
1250373, 2, 159, 2, 2, 16, 0, 899 
1250373, 2, 160, 1, 2, 8, 0, 856 
1250373, 2, 161, 2, 1, 4, 0, 1122 
1250373, 2, 162, 1, 2, 16, 0, 778 
1250373, 2, 163, 1, 2, 4, 0, 635 
1250373, 2, 164, 1, 1, 8, 0, 1062 
1250373, 2, 165, 1, 2, 8, 0, 746 
1250373, 2, 166, 1, 2, 16, 0, 618 
1250373, 2, 167, 1, 1, 16, 0, 1475 
1250373, 2, 168, 1, 2, 8, 0, 758 
1250373, 2, 169, 2, 1, 16, 0, 954 
1250373, 2, 170, 2, 2, 16, 0, 890 
1250373, 2, 171, 2, 2, 8, 0, 699 
1250373, 2, 172, 1, 2, 8, 0, 662 
1250373, 2, 173, 1, 2, 16, 0, 997 
1250373, 2, 174, 2, 2, 8, 0, 696 
1250373, 2, 175, 2, 2, 16, 0, 712 
1250373, 2, 176, 1, 1, 8, 0, 1209 
1250373, 2, 177, 1, 2, 8, 0, 761 
1250373, 2, 178, 1, 1, 4, 0, 1230 
1250373, 2, 179, 1, 1, 16, 0, 819 
1250373, 2, 180, 2, 1, 4, 0, 969 
1250373, 2, 181, 2, 2, 4, 0, 996 
1250373, 2, 182, 1, 1, 16, 0, 1014 
1250373, 2, 183, 1, 2, 4, 0, 1059 
1250373, 2, 184, 2, 1, 4, 0, 1688 
1250373, 2, 185, 1, 1, 16, 0, 2489 
1250373, 2, 186, 1, 2, 8, 0, 842 
1250373, 2, 187, 2, 2, 4, 0, 1077 
1250373, 2, 188, 1, 2, 8, 0, 767 
1250373, 2, 189, 2, 1, 16, 0, 2888 
1250373, 2, 190, 2, 2, 4, 0, 920 
1250373, 2, 191, 2, 1, 8, 0, 1821 
1250373, 2, 192, 2, 2, 16, 0, 1015 
1250373, 2, 193, 2, 2, 16, 0, 795 
1250373, 2, 194, 2, 1, 8, 0, 2355 
1250373, 2, 195, 2, 2, 8, 0, 1128 
1250373, 2, 196, 2, 2, 16, 0, 680 
1250373, 2, 197, 1, 1, 4, 0, 875 
1250373, 2, 198, 1, 2, 8, 1, 779 
1250373, 2, 199, 1, 1, 16, 0, 1108 
1250373, 2, 200, 1, 2, 16, 0, 776 
1250373, 2, 201, 1, 1, 8, 0, 829 
1250373, 2, 202, 1, 2, 16, 0, 687 
1250373, 2, 203, 1, 2, 8, 0, 652 
1250373, 2, 204, 1, 1, 16, 0, 1384 
1250373, 2, 205, 2, 1, 8, 0, 1271 
1250373, 2, 206, 1, 2, 4, 0, 2123 
1250373, 2, 207, 2, 1, 4, 0, 1062 
1250373, 2, 208, 2, 2, 8, 0, 671 
1250373, 2, 209, 2, 2, 4, 0, 699 
1250373, 2, 210, 2, 1, 16, 0, 1856 
1250373, 2, 211, 2, 1, 8, 1, 1037 
1250373, 2, 212, 2, 1, 8, 0, 2280 
1250373, 2, 213, 1, 2, 8, 0, 3593 
1250373, 2, 214, 2, 1, 4, 0, 1038 
1250373, 2, 215, 1, 1, 16, 0, 1358 
1250373, 2, 216, 2, 2, 16, 0, 748 
1250373, 2, 217, 1, 1, 4, 0, 1239 
1250373, 2, 218, 2, 1, 4, 0, 1003 
1250373, 2, 219, 2, 1, 8, 1, 1358 
1250373, 2, 220, 2, 1, 4, 0, 859 
1250373, 2, 221, 1, 2, 16, 0, 1807 
1250373, 2, 222, 2, 1, 4, 0, 1419 
1250373, 2, 223, 2, 1, 4, 0, 943 
1250373, 2, 224, 2, 1, 16, 0, 1401 
1250373, 2, 225, 2, 2, 16, 0, 896 
1250373, 2, 226, 1, 2, 4, 0, 849 
1250373, 2, 227, 2, 2, 8, 0, 1104 
1250373, 2, 228, 1, 1, 4, 0, 851 
1250373, 2, 229, 2, 1, 16, 0, 2124 
1250373, 2, 230, 1, 1, 4, 0, 693 
1250373, 2, 231, 1, 2, 16, 0, 839 
1250373, 2, 232, 2, 2, 4, 0, 799 
1250373, 2, 233, 1, 1, 4, 0, 769 
1250373, 2, 234, 1, 1, 4, 1, 1213 
1250373, 2, 235, 1, 1, 8, 0, 781 
1250373, 2, 236, 2, 1, 4, 0, 1294 
1250373, 2, 237, 1, 1, 4, 0, 799 
1250373, 2, 238, 1, 2, 4, 0, 799 
1250373, 2, 239, 1, 2, 4, 0, 1488 
1250373, 2, 240, 1, 2, 16, 0, 669 

